1000
-9169 6334 41
-4464 -9358 5724
9961 3281 5705
5436 1942 491
292 -3902 2391
-9895 8716 2382
-1869 -4771 5447
9894 6299 9912
7673 1322 8703
6868 7711 4664
37 -2662 5547
778 9741 2859
-288 2190 2316
-2648 -8942 106
4370 5890 7446
3548 -1101 5350
-8756 4084 9629
6308 -7376 1840
5537 4626 6944
6541 -2082 1538
-2704 4639 4833
2386 2306 9930
-6270 6924 5021
6512 5573 5829
-2355 -9161 3986
2052 5574 4767
-3966 -6941 7350
1337 191 3430
4945 7753 5457
8588 9758 8909
-6413 -7506 6422
-1655 -2591 9168
1548 7624 7410
-4350 4041 6483
-4596 -9374 291
-4484 -3199 4021
6418 -53 8281
467 -3788 7938
7807 4648 3728
9514 -6617 2421
600 -8935 4309
-303 1556 5249
4989 -5844 6224
4343 485 2702
7448 9314 523
-9796 -6618 5200
-8009 9589 4798
-2292 -3622 7157
7958 8190 6038
-1511 2888 6191
328 -4272 6202
8433 -4886 2646
-1881 -3844 9869
5699 -8651 1998
5075 -7892 3557
6869 -2510 712
5255 -3401 7861
-285 -585 6423
9832 -8617 7088
7189 2154 932
-1425 2368 9976
9512 -6549 555
6139 -1718 145
2529 5996 2423
193 9866 2549
-6105 416 3195
-8114 -2455 4488
-2263 -671 1701
912 1185 4313
7756 -945 808
-481 -3646 8321
2161 -222 4144
-2044 -1173 5535
24 -6439 1659
3186 -4745 6154
-4018 -8022 8313
202 7958 8787
-5824 4414 3625
1833 -4372 9334
-8177 8297 8070
-7192 -1763 7773
7627 -8480 3985
1543 527 4802
4181 9972 1924
2725 -7505 1003
-1286 -142 3031
-2413 -9187 3064
833 -9170 974
7285 -8896 9711
1624 -3694 2550
-2658 6576 8019
-2593 2466 6302
-1119 -1018 3851
-1926 -8087 3152
9576 2170 9010
-5109 2758 227
9577 -9565 7882
1928 5627 4474
-123 -6902 5423
2525 3261 4596
-5030 -6202 1264
5547 771 326
-188 -9790 1153
-3829 -851 1763
-8365 8958 900
-6439 1200 3007
-6477 -9357 2303
2850 4887 5108
-9405 -2993 4460
2356 8704 6540
556 -8823 6072
-3357 -9357 3216
2896 3869 9337
8696 112 3022
4229 4423 1585
-9855 8932 4565
-6654 -3584 2053
-2963 4369 6972
67 911 2607
2142 2938 2848
1459 2741 3754
-1934 7870 7825
-2279 3850 5205
6534 2734 2701
6962 176 5556
6641 300 548
-7611 3142 9855
-8443 -2678 877
875 40 8296
4932 -610 72
40 3169 8112
2589 9090 6488
-8651 9353 5990
8759 -1258 6740
8503 5264 1192
-5997 608 3829
6467 -5561 7549
9174 1240 9541
8213 215 601
-5759 -5601 3992
-75 -8027 2670
3847 -4970 8786
5706 1221 2604
8240 -2171 2363
7591 -7619 2164
-5205 -9232 6704
-1098 303 4975
7864 -3648 1247
-7546 1545 2913
3985 5262 8678
-3245 -2865 8289
8323 -7870 5508
8570 -7152 1132
3527 7103 9763
28 4015 1600
2637 2088 1543
1588 5049 2409
1758 -2060 1342
-7949 -4146 9954
-7067 -5620 2843
-5185 8035 4536
-5748 5629 7038
-4944 2257 9923
1025 -2726 4955
-8584 2549 355
7913 -3342 9515
-426 -1948 6142
-6705 4429 4606
6565 -9375 626
-5994 -9141 6036
-482 -3936 8256
-7841 1131 1355
-9690 2637 4625
353 -1634 1650
-2233 -4008 1416
4256 6634 5454
7109 -2317 148
-6858 -1080 4028
-1903 1361 4050
-3561 6909 3676
674 -1282 8489
9369 -6923 2220
3971 9008 3878
-2392 9781 3
2722 6698 2685
6234 6410 5938
1515 3959 2508
-4700 8869 5269
4555 -5117 3971
-9288 -3039 7815
-4484 -6085 8082
6541 -9815 4774
-3073 7110 8115
-8689 8132 788
-1723 -2941 6113
-7200 -5184 1363
1333 1974 5071
-825 4295 2867
-3309 8650 9676
-2249 -80 4693
-9421 -6679 6667
-7726 -6816 8405
-1340 7681 8666
6064 1662 5686
7124 7902 9309
7531 1762 3941
-1907 -9318 4806
-6630 1012 4307
-2290 4084 4114
-5345 -9152 1293
-5131 -7491 4708
-9704 7958 114
8238 -5269 6995
2498 -866 6423
2158 -7462 8486
3925 -8392 2022
4098 -6602 647
-799 -4600 7830
-8315 -3882 8352
-8397 -9567 4575
6816 5828 1418
-229 6925 4230
5162 -9560 4520
1754 792 1655
-1188 -8714 6398
4515 -7663 9569
-3234 5615 1521
8962 9464 2570
330 -2549 4161
910 -4333 1923
-2393 -8337 9737
9949 -8164 7636
-6337 3337 9135
-568 -9970 2623
8652 9152 9281
-7572 -3826 8194
943 -9174 6249
5565 289 2611
-1615 6216 3805
6074 -9166 2609
5589 -9695 3509
-6031 -7968 3161
-774 -8510 6268
-5391 -3552 8779
-4902 -874 5495
-6821 -474 8255
5605 1577 6122
754 -7950 195
3428 -1672 2481
-4415 -5967 5912
-5204 1759 1908
6806 958 9486
-1787 -1367 8166
5021 -974 8532
-8583 -9331 8283
-4776 7982 6948
-9490 2182 9220
5969 -6486 8925
-1068 -5677 1643
-7727 -7783 1991
-8703 697 9426
-7185 -5545 1027
2501 6443 238
-8149 -2111 8850
7465 -5869 1192
-5472 9793 267
-5177 -4901 972
-1381 -702 3877
2179 2237 6590
-1310 2327 6595
1670 -7926 8182
9860 2258 2528
-4472 -2742 5783
-3503 -5841 7128
9257 938 4867
-2661 -8598 2750
-9489 -807 6063
-1386 2075 9435
-8928 -3330 7833
-1735 3840 9492
-1982 1837 9810
-1794 -1369 7328
-9535 -1647 6608
7649 -3497 7208
-9812 189 2015
-8633 9851 648
-5697 -9854 9891
2544 -2578 4919
8483 899 3340
-5011 -6193 5538
2785 -1840 1560
3392 -8805 8529
971 1578 3210
-1497 193 9277
-3578 -9790 3826
3449 -6489 1159
-7967 -380 2924
-2607 8503 208
9019 -3722 4196
6683 -2890 8761
4954 -5452 3716
-615 -396 6813
-9198 136 904
-3517 2584 7032
-5249 -241 7006
7095 -2105 3523
-3579 -5678 7296
3729 2750 5058
-7753 2678 4081
3608 -5565 899
-168 9929 6172
-6748 5973 5055
-1577 -2144 5651
-5791 9916 6517
9091 -8146 5469
-6052 6857 9815
-8162 9487 236
-6097 8394 6955
2578 2513 3065
1947 -4140 1078
4750 -9975 2445
-7282 3865 6149
8522 -8896 7007
2187 -7641 4882
-1351 6321 6705
-5759 -9646 9447
-3455 -7666 189
1777 -4860 2028
9082 861 1348
-5821 2106 2455
5947 6021 7296
-1774 -9135 7124
6922 -2074 9859
3232 8888 635
-6450 -9926 4747
6363 4199 4801
6473 1561 5716
4287 -4353 8274
7172 -8643 2699
-4381 2112 2529
2372 -6671 8247
5431 9320 32
-6948 7206 9658
-6697 8166 2206
-109 -5529 1020
4015 8978 7984
-5928 -9168 6626
1785 -4390 2097
-8271 2420 4486
-3580 6085 5813
-3186 8387 1331
-6431 -7827 4507
9885 268 7152
406 7604 337
-542 -9413 7768
3289 -1388 7537
-987 3093 1647
7482 8217 761
-5084 753 9447
-1781 221 9095
2593 -3656 4872
3713 -4868 7080
8768 7216 968
663 2933 7040
4365 7936 2259
-8976 -6835 1874
-3559 4071 8455
440 -7832 9156
-1080 -2885 7375
-80 1202 1836
7740 -9058 5340
8880 -4773 8546
2955 -3400 3335
7168 3588 666
2012 -6225 8315
742 8762 8136
-6018 -4512 21
-3290 9714 7368
5303 3169 3335
4791 4199 2640
4033 3652 8661
83 7042 2029
-1063 -2718 1420
470 -8864 7229
4326 1594 5005
3990 6540 3276
9221 -9271 2588
4978 3589 8470
3487 -3262 4779
9779 2088 7196
1001 -4962 5993
3134 4567 9105
3597 2998 2671
-8563 -4844 4218
3490 -8801 1028
3692 4227 7604
7721 9301 9771
-495 3445 3565
3015 -1812 6741
9882 8738 8055
4245 -3822 1608
3154 -2290 1338
-1724 2225 4604
594 -9733 1981
8805 -4987 9130
-1963 -489 8616
-3224 2209 8135
-7372 4474 1908
1056 6734 293
-4119 -7075 7606
2279 -4684 6741
4118 836 8283
737 -2119 2737
-1901 -2795 4091
-4875 -2136 8793
6790 -8074 5907
6290 3351 476
5787 -3591 2974
7063 4893 1490
-8479 7005 681
-1083 2468 1695
5826 7621 3639
4399 -4828 5722
4834 1023 8978
502 2702 4243
4637 8346 5141
-3162 -2816 8413
1382 -9410 8935
-2663 6705 6260
-6038 2566 722
2425 8245 8588
1547 542 6867
7226 9099 502
-8636 -1051 1203
1531 8456 9458
-7531 7975 9962
3388 -591 1495
-5791 -2319 8915
-3569 1775 9383
2257 -2078 8300
4750 490 5333
8990 -4271 7233
2352 3258 338
8990 5302 9658
6135 -4422 2
-3699 6742 8008
3941 -4042 3188
-1913 6345 1847
73 -61 4964
-1069 -2703 7504
-9149 1552 5154
4118 -844 3730
8470 9552 4065
4398 7511 9731
8053 7352 498
5834 -1088 3043
9492 -7240 9850
-9876 -5477 5651
-6798 -4615 9178
1662 6857 2179
-9022 -9420 8902
-3917 2686 9273
1749 -3698 1717
6081 6932 65
4589 -3028 2003
-6407 -9172 3152
-6610 -9681 2295
643 5236 6177
2630 7037 6840
7461 8782 274
1151 -2307 8290
-8703 -6717 8423
8245 3661 5566
6840 2765 386
-8058 7283 7209
3271 581 8421
2138 2504 4287
-205 -2461 700
-4398 -4459 7540
614 -2935 3760
7746 8596 9567
-1555 -538 538
-3758 6760 4917
-2401 9065 5433
-7273 393 3034
7103 2933 8792
-2627 3694 3690
1647 5248 7498
5598 669 1149
1443 -4599 5449
-9385 -2861 1731
-9866 -1393 3967
-792 -8223 953
-811 -2469 2667
1604 -5427 9814
-5158 -7195 599
1447 -7809 7589
26 -9364 40
-6840 66 5089
9986 -5395 2570
1085 8187 7651
1381 -8686 3390
-6424 -4277 8128
4428 -832 3565
4925 6478 6646
-5821 -5045 1265
5134 -2927 3855
-1001 3336 7251
-356 -5974 2737
7282 -935 1071
-3037 -3573 1825
8692 7162 4998
231 946 9539
2645 5858 4115
-675 9645 3394
-1238 -3773 1862
3277 -9608 6897
-8382 -1401 6125
1138 -7478 169
1575 -663 8721
8862 7700 6724
-4016 -5095 6002
-2944 3993 5137
7668 7058 259
8891 9857 677
-7929 6915 5264
-4957 7615 841
4241 -3452 7759
-6224 -5227 1829
5038 -8133 324
-1909 -2629 2170
-3024 7085 4878
5767 9412 4193
-4790 3784 5407
7734 621 9834
-2018 -7998 5190
-4254 -2597 5621
6068 -2927 9669
-819 -2438 6366
2556 -4984 4318
-3787 -1478 5808
2554 -5020 7239
-9002 6798 1988
-8509 -3946 6321
686 -9761 9833
-7260 142 4804
-1187 -4343 2161
-415 4591 113
1959 5012 656
-5507 -3370 6251
4489 -951 8007
412 1790 4958
-5402 -7093 4855
-7651 7373 2676
5469 -532 5275
-2451 7107 2503
9472 -2570 7953
-383 -9505 3407
-4360 8607 4262
1514 654 5471
-7887 489 4523
666 -7470 9756
4705 8160 8522
4629 5386 7091
-3388 2045 42
7760 -466 5452
5776 6738 6919
4007 -6320 1098
-9007 -9722 6469
8630 -947 5463
-6626 1376 8717
6792 -620 7117
664 -8866 8964
-7551 -2212 3775
3789 943 5476
-5144 8272 361
-3888 4504 9561
6464 1430 308
5318 -3837 4074
-7123 -7591 6611
-8498 1461 6461
4117 8400 7369
5936 -1595 2317
3973 -1453 1867
-1883 6569 7981
-7157 8402 5367
-3687 8310 8681
-6238 1245 3171
-7311 6115 7671
580 53 2657
-5790 -3675 2740
-4489 -6586 3377
-8718 -8388 9631
8119 5927 6919
-6853 -6300 1479
-9849 -4593 1458
-2054 -6160 4854
428 -4229 6333
-6366 9421 559
2261 2270 2033
-2506 -8982 2860
6538 1897 6878
7266 7540 4469
6134 4557 8633
7843 2258 2053
-1094 -2951 1693
9551 -2512 2937
-237 3492 2695
-2389 5296 7530
-8840 8786 5628
6292 6120 8182
3194 -2527 4962
6693 7011 8705
-4381 8995 9664
-6624 1048 6946
4633 -4235 2511
3817 -5127 8240
-6558 -5100 2340
-5831 -935 1476
-2927 5623 1295
-6880 6211 8029
6528 1321 2253
9270 -555 443
-8934 4631 7452
-1539 -8834 8040
-5052 -312 8765
4248 4464 731
-7301 -5450 9556
-2331 3332 3293
-4066 -9050 75
441 9623 1738
1363 7918 3380
-8613 1088 2628
7577 666 4979
-1723 -3115 7837
5948 -323 2872
-7411 4508 4395
-7610 6781 3993
8023 -7705 4828
3684 253 769
9285 1840 9478
3885 -3994 6900
-9910 8032 348
-635 -3901 872
8343 9527 7860
7603 3995 9768
-4512 7879 8942
-258 -4161 4593
6188 -5191 1926
-9093 6484 227
-8867 -8094 435
-6589 1146 8627
9578 2850 540
-6300 2403 8956
1016 1143 5811
-1641 -1006 6615
8023 -1325 335
-8339 -8457 2312
1522 -7846 1086
-6847 -3455 2911
3413 -3873 8870
-7241 -2472 3454
6824 -3525 4641
-7993 5403 7929
41 4640 6067
-4907 -4860 8125
7717 -5293 2621
9011 7893 403
-2850 -9978 6925
4353 -654 2892
-6061 1346 2036
-6405 -7571 3904
3751 -1728 5299
5846 8166 2019
-6867 1421 7093
3328 -9897 8299
-6641 -1768 4942
-7918 -720 6296
-984 7584 9625
2503 7014 459
-8363 1537 5032
1683 4290 4651
-1269 -7252 1918
-3168 2397 6248
-9271 -1993 27
-9104 877 7669
1293 1495 484
4890 -1990 8892
-9314 -1549 8493
6833 9218 173
6508 3252 5238
1920 -2245 5149
5258 2368 106
-4122 4982 4157
1156 -8706 7723
-1550 6923 345
-4510 -591 2097
-4743 5880 5813
1705 4578 7741
-7204 9227 4514
102 6227 8356
1411 -1698 4286
8410 -3490 2489
-3112 7296 7132
-8277 7672 122
2652 -670 5553
435 9751 1751
-5328 -7916 6693
-8939 1838 1511
-6758 -2826 1544
-9777 2586 4588
1280 6947 2628
-4719 -4062 3245
3231 4047 677
4709 -1954 7406
6016 5945 7956
-5677 8335 1860
-8675 7886 8049
6555 130 3143
-289 5000 2482
-940 2008 2488
-304 9707 7799
-9613 2499 8237
6129 -2983 2612
-3683 6600 7137
-1708 -1710 1857
-2499 -2437 2641
-9692 8583 2701
-5820 5012 7640
8677 615 4835
8878 -7553 2774
5349 -2734 2286
-6504 -624 712
-4473 8913 8822
9397 -1122 84
4006 -1337 1822
-357 7505 4931
1447 -1898 6599
-9855 -8725 1084
-9795 -7342 4828
5053 5506 742
3924 4146 9793
-4209 2239 9854
-3061 8175 5492
5712 -5013 3647
-9090 7841 7896
666 6286 9034
-5893 -2037 1344
9285 844 1949
7118 -285 6200
-4541 -9729 5668
-470 -1980 225
-6204 328 5384
6040 6364 700
-6141 -3483 250
-3256 506 2670
-4199 -5857 5107
-9832 5191 2674
-3967 -8917 858
-9402 -8246 1707
-8314 -9095 8239
-5822 -5279 350
-3164 5812 6879
-144 -6038 7357
1856 -8200 6561
-9290 5939 8061
4007 2618 7452
8613 9977 2284
6336 8642 8709
1358 6034 2621
-4798 2897 1436
-65 1238 4202
1727 5579 2516
-4816 382 1771
8259 5589 8488
-7038 3283 851
9574 -1759 3012
6595 7714 8733
1052 416 8522
-967 138 565
-6439 7224 5055
-9368 -6804 7441
-9176 -2668 1441
8018 3241 5137
-8956 -9252 1015
-2240 -5581 5524
1205 -1876 9334
6191 1641 2018
2016 3700 2471
1157 -7064 1943
-7632 -9275 1502
3152 -2145 9789
-9649 -9153 1901
8970 4346 350
5532 9793 4336
-5692 -3210 8856
-7350 -3795 4550
-9984 -9361 8315
-6806 -6050 8729
9182 -790 1936
3101 -6388 9066
5193 -9982 5610
280 -4593 7038
6883 7420 5638
-2632 -833 3865
2129 183 189
-8252 8613 6753
-8963 2151 5145
-617 9554 7813
-9531 2264 1211
7587 -9522 9942
-8510 -4464 5257
5946 8380 946
-3194 8042 3540
-1206 -2715 2584
7611 -4696 2106
6354 6645 9067
-6321 3079 3448
8652 2197 7592
7997 -4122 71
-2036 4120 999
9485 -1915 6984
-6844 1567 741
-7207 4879 169
8026 -3849 5259
-128 7774 124
-149 481 4546
3504 -307 4168
6641 8217 1105
736 2097 2343
-252 1954 9555
-1754 2488 9904
8086 -6701 6072
-514 -9975 4231
-8981 4990 8938
-5631 -4618 5447
-2833 8781 4061
-6928 1302 8672
8406 -1447 721
2844 -5794 2222
6464 3240 8683
-8130 6653 1723
-9656 -4858 5255
-1506 142 3318
-6312 -5023 2702
-9195 311 8250
4798 -6101 5488
2187 -6784 7892
8871 8258 4462
7683 -2832 4016
-8298 3976 6088
9146 3205 39
5020 917 5769
373 -1735 6030
-8381 777 3480
6085 -8345 1785
2186 9735 5713
-521 -2085 6096
-9919 -6636 9260
-4198 -7065 7236
-7547 -1011 1496
-8564 -7245 2121
-1920 -2257 1539
-3391 1080 1654
2033 -9591 3960
5790 -499 1675
5086 -272 4376
3566 3542 967
-2626 -8437 8456
-340 1665 8364
-9752 -1154 1360
-9249 -2525 3338
-2517 8313 3179
1839 5991 8421
3681 3762 4308
-6508 7053 1970
4663 1066 6715
3572 6259 1771
-8168 -5988 2514
-2936 3850 2199
7523 -9427 6278
2173 7073 2371
1463 -5587 9934
9213 -595 6153
2496 -3859 2406
519 4852 4833
1371 1585 6126
8099 7271 5444
-2492 -5715 6519
3357 7590 4753
-2019 5865 886
-4101 2435 259
7578 456 468
-3316 843 6074
-8971 8585 5024
-2183 8174 57
6231 5722 6658
-1480 -4300 9503
-9818 2702 7408
-3656 4120 557
-6467 -3092 5713
9094 -1074 1320
-6746 -7264 4983
1467 6255 4390
-4718 2619 5792
2091 -4720 6128
-4825 5808 3766
1314 -3220 1159
-3360 9156 5456
-2589 -1478 751
-189 -9694 7524
-4844 301 9372
6637 609 523
7623 -1827 8186
-5436 -415 4899
-7952 -1676 3669
-4616 5915 9846
3915 -8074 7288
-4524 -62 1056
-7049 -1984 2129
-8775 -8582 3396
2755 4552 5416
6824 -3554 1417
1413 -121 1999
-1175 1873 9917
-3208 2501 9074
1988 -6720 7395
8 -977 929
816 -876 2254
7253 -7912 3803
-7602 2322 9979
-2438 -2729 6369
-2972 -6463 2274
5518 9503 4348
661 695 8333
6576 961 3144
-628 3592 3472
1229 5535 4196
-9749 -4956 3716
-4526 -9724 4620
-1691 3445 6406
-877 -664 6588
4852 -7004 353
-1149 7842 5625
-3855 -146 135
2779 6909 7804
-7312 692 9102
5290 1047 6099
1228 2628 7569
-8456 1778 7580
7210 -4745 2148
6064 -1180 4698
2482 -7479 6226
7587 -5333 3005
-4518 -1165 732
-3438 -7508 8399
4169 -8245 3978
6518 -4769 744
5603 -2143 6467
7004 -1226 9190
5396 -423 1300
-2000 -1665 4566
-1597 786 3617
-2158 -7728 1579
-452 9312 3425
9235 -1570 5169
-8960 2064 6890
8217 1754 7545
2815 -2088 4565
1886 9388 7579
8319 4640 3830
454 -3020 9881
336 -2357 5893
365 -1457 8829
-1270 9094 2334
6117 9313 119
4591 -1505 4977
-1134 -4854 6562
1852 -9193 3016
-259 8061 747
-9107 4439 8366
-3799 -2050 5268
-3916 1098 2020
3758 5316 6182
70 1135 4583
406 -7780 5271
-5718 -2403 8295
-5960 8428 3035
7626 2364 101
-1593 4841 7157
-7873 4493 7096
1561 96 9935
6731 -5923 5739
-8287 -8606 1849
-6467 9223 6040
-6938 -1158 2083
-9685 -8366 9463
-5470 9298 9023
-7619 -1683 3175
5519 -8275 2946
1274
1654 6197
-3791 -4058
-3232 4837
-9958 9736
5284 -7085
2426 727
3370 -4536
6199 1348
8351 3573
571 7617
1044 -5529
-7528 -6467
7757 -2634
5941 -581
9299 5749
3245 4099
-4083 -201
-8895 735
8717 6170
-9773 -8752
-2070 -8255
-765 30
-2358 -2980
6667 -6008
-1099 5928
-5412 -3870
84 -8064
-9868 -7911
-7366 -3826
-5865 -4988
-9659 -3947
-1110 -5771
-2670 666
-5874 3925
5536 -7043
-3934 16
3815 2061
2082 -582
9337 -900
-5864 -1300
8629 2695
-1744 9788
6490 -75
7195 -4819
5374 -6807
-432 -1156
553 -7222
7625 6955
1527 3128
-8054 -8490
-2618 4192
-2282 -4056
1493 6439
1033 269
9026 3592
-4961 -9080
-3245 5907
-2782 -121
-4615 -6491
4771 3143
5412 -4935
6952 3467
-429 -1828
2151 -7699
-8383 -5041
-4077 -144
-4202 5202
-6575 2249
1395 -4638
-3123 7205
-2530 1041
7043 4820
-8100 5674
6430 8775
-6890 -8622
-9782 2452
1960 5188
-4659 9923
8584 5943
-3198 1668
1813 -7479
-7271 -5447
-6448 -2344
3888 -2353
6190 1825
-5775 2046
103 -4078
-6048 377
-2729 -8494
8672 -6038
7667 -5862
259 -1465
-1419 -5389
-3632 2140
5161 5822
-8432 -6141
-2313 -2361
-1810 5645
3596 -5970
3210 -8514
471 9552
-7261 -1830
-83 7151
-2295 -6758
-284 -14
6341 5812
6611 2290
3387 6982
8268 8050
335 -884
4992 -4105
-8060 -7550
2923 759
8256 7300
1807 -48
-4382 8491
-9679 -219
6701 5519
2725 8324
2488 283
-7534 -3963
3724 -2851
840 67
-1661 4955
-6139 -8227
-4848 -2237
8221 -7048
2514 3175
-9676 7362
784 -1658
-856 -466
3629 -6429
-101 9843
5136 -2920
-6366 -7582
-4179 -9193
397 5987
7653 -6594
-20 -503
-5033 -4953
-2280 5665
-868 6966
4144 -2828
2003 9449
5610 -3240
7187 5282
8599 3961
3558 7318
-7178 6358
-7221 -7457
1260 -5756
-6841 -5343
-8411 5352
6881 1793
-1271 5760
-1535 -5694
323 -955
4010 -6688
-1210 4932
-4189 6419
1223 5851
-4407 6649
4812 -884
-3162 5304
2732 8551
1228 8938
-5745 -4526
5257 -4205
4727 -9401
6542 -2353
-4255 7149
2815 -6748
4749 1073
7970 2169
-3178 8768
7586 -4981
-7859 731
-238 -5089
-5656 -7972
9511 8147
2205 -8819
9045 788
-76 7492
8899 403
-6114 -167
9854 5793
3326 -6831
9674 1299
1957 -6612
-2829 9491
-8496 3361
1554 -5183
476 -8102
1623 -9081
-5369 -8343
1599 -9989
-4652 3179
-8945 8350
2590 1871
5319 -2177
-5722 -528
-9184 -8785
915 8884
-3759 1681
-6427 -4546
7818 9421
6461 -1350
-7371 -3458
-420 3502
-3586 -7953
-113 8735
-9265 8592
2746 -2336
-2815 -9512
773 5726
3990 -3080
5857 4214
-3285 -8849
-1374 -2702
8638 -3848
-1792 -8237
7481 -6343
9984 -8991
4399 -7085
2650 -4386
-8608 185
6896 -9499
-1502 5331
-1077 -9537
-4463 -6851
1267 3505
9695 -9655
-9670 -6872
4523 -7121
-7135 2365
3192 4599
8066 -9124
-3818 2722
-8361 1692
-1149 -9728
-1278 1826
8944 2338
6340 139
8148 -7966
9551 9951
3009 -6557
-6023 1576
1906 -5454
-3930 4999
-8884 6658
-9783 31
-987 5422
-579 -568
4141 5709
7272 8477
2517 -1435
1265 7743
1538 -2891
-991 -3776
-8197 3409
-2759 -5128
9494 -8440
-6146 -1620
943 -1486
1788 -1474
-1504 5827
7285 4246
-3673 -350
-4883 2312
7683 7768
3245 1987
4248 -8639
-3954 3207
9718 3940
1472 -4377
-8720 3885
606 4702
-3037 -5924
-1890 1699
7975 9606
5547 -2792
2829 -7684
-5689 -2705
-9282 870
9072 -2180
-1755 6051
-4729 -8477
1237 -5851
-7073 5676
2125 1197
7560 5062
8709 -9073
-7682 -224
7446 8815
-4361 -4568
-6089 -5286
5594 4604
-3533 -598
2964 -1184
-4996 -1014
-396 7148
-5589 5791
-8251 -3355
9228 2271
6430 3454
4853 -3991
-9877 -2567
-773 -1197
-9429 6862
1841 -539
-1047 5520
-1989 382
-1462 -3403
4063 -392
-692 4611
8849 2270
2486 -576
-6498 -8603
-6723 -2878
3117 2411
-5290 1227
6544 -801
-5433 -12
1135 -4401
2134 -633
-7263 3671
-282 4540
-3227 -366
-6305 -2071
-9555 5434
-4075 4299
-2488 1439
-5358 -6673
-3713 -2487
-4978 2452
-8649 -2704
9459 2837
526 -955
-3155 1366
-9635 -6446
-1238 3936
-5599 -4403
-2324 6925
9276 -9863
2426 4334
-8761 3244
4696 5175
-6713 4471
-7109 -6030
-4546 -9059
-391 1103
7950 3196
-6667 7435
973 165
4515 2516
-2497 -4243
-8563 1091
-5121 7007
-8275 2658
4919 1576
-209 8611
-8514 3263
-4988 -5783
-5940 3705
-4985 -8391
-997 6320
-562 -8703
-2302 7554
-1026 -1629
-5679 528
8442 199
-5098 -16
9551 -1730
485 -444
2858 2572
-6860 -129
-6422 -8627
-333 -7473
6534 -1051
8202 2322
5388 -1580
-7610 5885
-99 4274
1065 -3055
-4726 -4572
1587 -523
-9175 -1997
893 -678
489 -7406
9964 4521
2710 -1113
-8188 -3763
9754 7264
-6586 -5316
-7302 9524
-682 -2659
-5566 2574
-850 -5754
-6602 -3226
2749 8901
1881 102
-6489 6710
106 -184
2490 -3987
2353 -518
-8213 2662
-9785 9115
-2837 1564
6972 3784
-3257 1544
3340 -6129
5876 7901
-3613 7500
6332 311
216 1814
2252 -6834
7450 -141
4562 -7569
1011 5111
-3345 1321
8664 9850
736 -7444
7953 -1025
1129 9006
1228 1070
-2715 59
-5384 -2178
-3737 -383
-2315 5030
7752 -2021
-3004 -5446
-2549 8825
-9 -8529
9133 -2429
-5283 -746
-8835 439
7629 570
2189 -9521
4705 444
-6999 713
-2058 5615
-943 8383
2251 9831
-2295 3290
-9767 -4061
5191 8034
7879 378
4072 -6615
-2823 9952
-1610 -2537
7161 2978
-5183 2718
1072 8695
-845 -8703
-1142 9050
768 -2155
-9847 301
309 -3187
9140 -7633
-3200 1724
3217 -6031
2344 -3584
-1367 -2019
7030 2174
-1699 2716
5321 -1685
-5573 -8541
2229 1452
1665 -2159
-8591 3950
1986 3213
-1906 -5190
9666 -1622
9566 -1991
-4867 3279
-20 6103
1833 1534
4827 287
-1918 -6624
9086 -7244
1597 1508
8907 -1121
1991 5022
8965 -5251
8465 -6980
-9235 2300
-3876 4612
-5199 5289
-9131 -2461
-1080 -8700
168 -2545
-1633 8762
-4560 -3082
6336 -6141
8827 6833
5984 -1028
9397 -168
-8463 7406
5344 -4690
2464 4643
-6911 5558
9129 -9947
8764 4080
118 -7076
-547 -4847
837 832
8324 5896
8841 5653
565 -5729
9719 -5532
-2238 -4439
-2620 803
4524 -7849
-2629 -1787
2638 7898
4485 1002
-8827 2211
2082 3930
3290 -8831
-1448 -3256
7064 6126
8437 2293
-70 -6338
-6059 6345
1560 9221
5905 923
-6984 9313
-1970 234
-3856 1157
-4733 3592
4499 1383
2100 2090
-6885 6573
-9981 3209
9407 9699
-1427 1219
5452 5560
-5398 -603
-6990 1569
1319 9557
-3946 4149
-509 -9467
3207 -479
1699 2138
-2355 -2014
-1720 -5765
703 8264
4301 -2050
2910 -7427
1098 -4824
-3754 -1131
7609 903
1630 -6032
4090 -2432
1517 132
-1805 9321
-4970 4721
-7227 -6394
205 577
-318 -4642
1365 -8724
-5844 -3171
-1872 2509
3697 -5874
2341 -9941
7321 4968
-8283 6727
1162 6932
-5135 -4035
-7728 -2534
-5233 -9724
-2782 7125
-8264 -7065
-8908 3322
6426 -8631
-4419 -563
3076 8741
-9587 -1521
552 7239
3742 -474
-4234 -2900
-6923 -680
9634 8168
-708 7544
-6349 -5219
1448 7580
-3340 -6119
1433 -9770
5540 -2622
-9247 8250
-8396 50
8051 -6331
4370 -3139
-7973 -143
-7366 -1957
-9814 843
1261 -1471
-7327 920
2528 9053
1881 4597
7578 3310
1234 5090
7422 -4247
-3022 5974
5966 7519
-8324 2794
-1797 1089
573 -6460
-7438 6605
-7944 -7518
9323 -7015
-5369 1124
8015 -1670
-4037 2729
5300 3830
3303 794
-9206 -3959
9455 8969
-2677 2651
-7502 -2539
4023 -3196
-5371 -7723
3156 -1620
497 -149
-6392 -7443
7294 204
2581 -9149
245 -1845
-4399 -1433
8941 2297
-974 6099
-6145 759
-767 3659
2094 -3968
-7923 1796
7368 -5417
574 -5781
-468 -1884
-921 6204
-9951 -1911
-3425 -342
-198 -9451
1382 1480
-6204 1614
-5005 -4009
3080 -6666
-7886 -7541
724 2733
951 -5292
4287 -9527
1127 1920
9803 9710
5635 9483
-80 3277
8853 -4711
-7448 -5408
-5416 -9141
9984 1818
1885 7974
-3085 -960
2505 -101
-1109 4796
-3525 8987
3746 -5802
989 -5352
2018 398
3873 6257
5610 3068
-2839 2125
1518 3518
8166 6167
7882 -6226
-4557 -5760
-8061 -8554
1098 -4521
4345 1258
-5956 189
8532 3725
-1762 -421
-5530 8208
9569 9490
7656 3253
-8593 583
-3666 3362
6664 6219
4014 608
2622 -3212
-6999 2492
-2192 -1271
-4988 -6217
-2414 5089
-5358 -268
-797 7745
7237 9647
-4549 9907
-12 -9039
-691 -1431
4416 2845
6872 -7056
-309 -1008
-744 -2358
7649 -8930
-7901 4868
-6927 4255
-8818 362
4941 -3289
2840 2796
-9582 2135
-8852 -3250
-1033 9601
8526 1894
-7512 6533
-5812 -6825
-202 -5845
6677 9758
1650 -1111
2327 -1980
6118 3716
6065 -3777
6176 -713
-241 -6874
-1248 9097
-8536 -7148
9624 -4617
-5561 4638
-9039 -2547
-8414 9981
-1967 5316
6163 2167
-999 -9774
6824 8080
-1257 4086
-2275 1215
5037 -6582
28 -8962
-6876 3612
4191 -9958
-2550 -2122
3742 -5728
4477 -1860
-7213 695
-2295 -5525
-8084 5848
-9232 -8091
-432 337
3637 -8534
2514 -6102
-3547 -2269
606 -1503
8102 8297
6317 3063
7538 2151
2012 -3454
2174 -8922
-1851 808
-1211 1623
2015 -6589
9921 4728
9488 5863
-475 6714
2619 -7831
-2406 9647
2561 -8752
6550 -4380
-951 1738
2625 4940
3380 -5104
-3058 -3611
1430 2051
4296 -747
5406 -7205
1588 -2515
9023 8334
5726 -9963
9266 -1707
-3248 9425
1413 7530
-6905 -7016
-7703 1807
4684 4452
-7790 594
607 -47
7746 -4958
-6413 4422
3791 -4052
6708 -6924
-2263 -9958
2679 7831
909 1100
-1597 -4654
-2139 6979
-9792 -8081
813 8697
351 -929
-3988 -194
5980 3971
4756 6966
-9359 2466
-5094 7184
-5266 -1866
1286 6913
9122 -3166
4966 -3883
-708 -8946
-2266 -3670
3038 1378
1978 -3359
4890 -921
9507 1444
-647 -2523
-9382 -5225
4855 9740
1863 9526
-5345 2966
-4720 8886
-5361 9606
795 8938
3795 8799
4140 -1252
1052 855
-2997 -8445
4705 -789
3503 4447
5246 -4265
4263 7803
3777 -9316
-2703 1828
-2108 -476
4441 4402
-1414 -393
-2304 -1857
-8826 -7691
4511 -7583
3206 -2305
6791 -2418
-9934 -467
7694 6975
-7639 5465
-586 -7460
3948 9122
-5466 5119
-9341 750
-1918 8548
6619 -212
-8042 8571
-1261 -2749
1606 8736
1405 9783
6545 -1153
2380 5780
9081 1347
4426 5544
9029 -1662
-3727 -1598
5180 460
-2165 7347
8187 -5423
-6091 8809
-3075 7544
-4724 3205
-760 9856
-4966 -1650
3843 5778
-763 -5932
-1857 -4335
5491 -2166
5250 3929
-6288 4693
8827 -4057
-1241 -6226
-6692 -666
-216 -4412
42 -8827
-6396 163
-9678 -2896
5303 -3486
9845 8001
-8993 -5094
-5542 -8394
2643 -2569
-9023 8201
-3101 -3561
-1456 6900
2593 -1210
-6990 3792
2069 -2775
4306 6139
7573 2173
3336 -1827
-9007 5102
-5008 -6764
-9157 -7008
-1696 831
-6190 -7467
2383 5605
-1942 1439
8540 7440
2153 -8443
4709 -610
-2332 6471
881 -2420
7252 -6588
7430 6865
-1788 6102
-1219 72
-756 1993
7032 -7693
7933 8873
-8025 -856
-3022 -4000
895 53
1634 4508
-8982 -3123
-439 -3375
-1168 -4565
-8113 5469
-7633 2340
-8677 -8321
5249 906
9566 -8056
461 57
-3163 6660
7334 -3378
-5199 -9499
5232 366
6800 -9078
-6757 -7993
-6617 9058
-5312 2706
2136 -9602
-2306 9116
6160 -5115
4608 -2336
4616 -7782
-7170 2712
-8458 -9042
-6981 -4662
-8597 4704
1115 -9595
2604 1221
-566 -4640
6756 -7931
-9265 -2065
5402 -5984
4407 8957
5035 3686
7049 -8231
3546 -401
1708 7576
9725 -1164
2377 5883
5168 -5380
316 -383
-3041 1948
7189 -1273
8178 -7223
4890 1503
203 2177
-4099 6830
-117 -8103
-5692 -4868
-8848 -4106
2407 -567
2030 5471
-759 -6845
-2277 -1042
278 -7633
-17 -5311
848 -2869
8863 -6760
-3526 -2490
6339 -2610
-8220 5162
6372 9815
555 -9390
-9275 -9077
-6048 5976
1367 190
9003 7323
-1452 -8086
7201 2541
-1391 5304
2826 3260
9707 690
883 5847
2048 -9428
1709 -2640
7887 -565
-8653 8976
5343 5229
8778 -8771
-5002 6188
7666 -6968
4001 -418
-6613 1619
-804 -2389
88 6219
-3643 9295
1124 -2747
1792 -2525
805 -2197
-7730 -3856
4171 3034
7236 -656
-8972 9924
3580 -3652
-3599 380
-5812 5867
4658 1684
-77 -6887
-8630 2959
-4391 -6140
-2094 -276
5385 -6437
-8196 6927
-2975 -4368
148 1183
9127 -333
2495 8601
-9652 -8835
-7273 8595
1163 -9467
7930 -474
3833 -5395
-1985 2045
-3771 -9772
2061 1696
-6739 -716
-578 3497
7658 3772
-9610 7478
3577 -9995
-7602 -8454
1374 -9994
-1881 -7883
2318 4670
-3572 -1967
1789 5138
-8300 -4460
7575 -8434
990 1890
-5643 -6705
-298 -4564
-4923 -3875
-2677 -1051
-5117 260
2855 770
300 5727
4398 -4969
-456 -359
-3913 5810
-3266 -6882
-1501 631
-1073 -585
388 8594
-9168 -7802
6633 371
-7101 -7862
-3117 4685
-7932 9763
-213 8953
3266 -5707
-1802 8482
-698 -2571
-9224 9144
8740 -8101
-6559 925
6912 2270
-5541 -1563
-2711 -5505
-6258 8284
7123 4394
-258 4096
-8706 876
1143 8795
-2839 6139
-1396 2372
9529 -771
-3939 -1447
-4242 9615
8848 -4707
-2209 -7971
5868 -925
1289 -9555
-9323 5355
-6784 7049
8822 -9786
800 8258
2362 -4985
-7401 -5922
6919 12
-1405 7148
-5281 90
-9411 -795
371 -9647
5717 -5100
6423 4539
6002 9409
9807 1585
-812 -5535
95 8984
-9755 449
-4609 5741
-4248 5827
8751 1343
-979 5096
8301 -2306
3469 7781
-4541 -7277
-4799 6435
-8584 8380
-4593 -8113
4252 671
6100 4399
-7192 -600
6281 -6164
8722 -5809
-1704 -89
-2065 7940
-6826 1612
-7156 625
-3614 -9646
-5065 8796
5256 2181
-998 -2716
-6733 7499
6916 -7629
-8424 -9661
2719 447
2105 2382
-5991 3749
9345 -6545
-7986 7270
-9095 1202
-7720 -6255
-4278 4813
-1686 3903
5868 -3365
-604 -6218
9372 879
7326 8807
9869 180
-5622 -5458
-3914 -8835
8592 -5899
5536 5340
-5021 1493
-802 -7094
3217 9496
-4776 5403
-7254 9711
1500 -9942
4534 -5866
-1916 -7500
1924 7693
9275 5248
8116 7103
9712 4285
5807 9084
-1381 -1104
-560 4372
5993 2715
2249 6842
-5070 -148
9967 -6693
-2444 3460
-9961 3714
9772 6200
-9813 4817
5086 -1379
-5187 2724
340 282
3273 7235
-917 6006
-4957 9338
-7531 1094
5390 665
9460 2027
6491 -7491
-7413 -8890
-3562 -2223
4946 4221
1523 -1754
-5687 8098
-2482 -8212
-4019 -714
-7401 -6127
-6024 -2892
-4619 -755
1756 -2384
1410 668
9915 1508
-6234 -9354
1074 4410
2948 -1984
7781 -8424
-4020 -293
5978 8455
5699 -2007
524 -2068
1118 -1587
-2042 7602
9188 2942
8933 -838
-7596 -2831
4117 9609
8189 -3906
2469 9738
2629 5239
4050 154
-3202 5249
8672 -1934
-4972 1496
5621 -5008
3705 727
3644 -8158
-8983 7934
3331 -4986
326 753
8061 -2728
4027 -9480
-1809 7491
-863 -6269
1049 -5721
7725 5665
-3524 -3162
-2455 8599
-37 6221
3666 2807
3106 -1882
-2070 -3324
-9093 33
1887 22
-8446 498
6974 -6297
-479 1859
-3817 -5869
-1183 2222
-2454 5820
6824 -6847
8292 -2663
-8249 -954
2291 1425
7140 -2771
967 -354
8513 -3461
-3704 -3285
3465 -4972
-7557 5306
-8796 -1546
-605 -2693
-5179 6838
1556 -782
-3279 -840
-8532 -2543
2881 8590
3017 -3577
7823 -203
-5140 -575
4397 8386
4121 2809
8306 7743
673 -8786
-807 -9407
4569 -7626
7707 -8531
-145 -6678
4770 -961
-2686 -9387
5521 9539
2120 -4502
388 -38
5901 -439
-8232 -2891
2
10 0 1
0 -10 2
3
10 -10
0 0 
9 0
3
5 5 1
3 3 1
7 7 2
2
4 4
6 6
2
0 1 5
0 -1 5
1
0 0
2
0 -1 5
0 1 5
1
0 0
4
10000 10000 5
10000 -10000 6
-10000 10000 7
-10000 -10000 1
1
0 0
4
10000 10000 5
10000 -10000 6
-10000 10000 7
-9999 -10000 1
1
0 0
2
23 42 3
238 2 23
0
3
0 1 1
0 2 2
0 3 3
1
0 0
100
15 161 5
196 180 7
169 178 8
2 63 7
76 182 8
31 168 5
32 51 5
46 57 8
62 42 5
55 105 7
71 157 5
19 93 5
127 35 8
26 137 7
195 161 9
69 71 6
185 144 7
142 173 9
119 85 8
126 41 7
77 166 7
38 127 7
90 112 7
146 122 7
104 31 5
163 187 6
116 69 8
83 16 7
63 33 9
127 114 9
159 113 8
106 7 8
191 7 7
34 41 8
126 124 7
136 86 6
166 170 9
162 8 8
87 73 8
166 68 5
191 53 8
141 138 7
169 118 6
115 70 5
80 178 8
182 64 5
100 82 9
127 70 6
93 152 6
193 116 6
196 193 7
0 195 9
18 193 8
126 16 6
180 56 9
84 147 9
65 149 6
86 35 7
98 96 9
97 170 6
72 152 5
8 95 8
64 196 8
77 80 9
128 11 8
3 45 7
117 139 9
1 173 5
70 197 9
193 172 5
37 5 5
44 133 8
35 96 8
111 117 9
62 101 5
57 145 6
114 91 5
78 150 6
110 154 7
103 52 7
118 18 6
177 88 7
70 165 9
59 145 8
168 127 5
140 17 6
184 145 5
56 62 9
113 31 5
137 98 7
89 126 7
57 154 8
181 20 5
162 16 9
165 115 7
76 101 7
82 133 6
84 42 6
45 79 8
199 36 6
50
76 184
125 50
197 182
146 110
82 191
187 182
73 19
102 189
17 72
47 91
25 69
23 80
52 76
38 44
139 199
25 98
192 135
98 23
155 70
41 14
183 82
150 34
178 14
116 48
120 80
44 138
172 85
63 76
115 12
145 108
120 77
70 91
151 47
70 70
91 156
136 131
133 13
95 196
107 53
143 6
173 199
70 22
125 198
170 136
14 0
158 87
106 57
13 155
40 2
162 118
2
10 0 1
0 -10 2
3
10 -10
0 0
9 0
3
5 5 1
3 3 1
7 7 2
2
4 4
6 6
3
1 2 7
8 3 6
5 4 7
2
0 8
3 12
2
0 0 10
10 10 10
3
5 5
4 6
10 9
4
4 7 3
6 11 4
2 13 6
0 9 5
5
3 10
5 9
2 8
1 11
3 12
2
4 7 3
0 9 5
1
1 11
8
0 0 1
10 0 1
20 0 1
0 10 1
20 10 1
0 20 1
10 20 1
20 20 1
5
5 5
5 15
15 5
15 15
10 10
8
0 0 1
10 0 1
20 0 1
0 10 1
20 10 2
0 20 2
10 20 2
20 20 2
5
5 5
5 15
15 5
15 15
10 10
5
0 0 1
5 9 2
7 3 3
10 0 1
21 0 2
2
1 5
15 0
10
0 1 1
0 2 2
0 3 3
0 4 4
0 5 5
0 6 6
0 7 7
0 8 8
0 9 9
0 10 10
13
0 5
1 5
2 5
3 5
4 5
5 5
6 5
7 5
8 5
9 5
10 5
11 5
12 5
11
0 0 11
0 1 10
0 2 9
0 3 8
0 4 7
0 5 6
0 6 5
0 7 4
0 8 3
0 9 2
0 10 1
13
0 5
1 5
2 5
3 5
4 5
5 5
6 5
7 5
8 5
9 5
10 5
11 5
12 5
11
0 0 5
0 1 8
0 2 3
0 3 5
0 4 4
0 5 3
0 6 3
0 7 8
0 8 5
0 9 3
0 10 9
13
0 5
1 5
2 5
3 5
4 5
5 5
6 5
7 5
8 5
9 5
10 5
11 5
12 5
11
0 8 1
0 2 1
0 1 1
0 7 1
0 10 1
0 3 1
0 5 1
0 4 1
0 9 1
0 0 1
0 6 1
13
0 5
1 5
2 5
3 5
4 5
5 5
6 5
7 5
8 5
9 5
10 5
11 5
12 5
-175


