10000 10
10
0 0 0
1 0 0
2 0 0
3 0 0
4 0 0
5 0 0
6 0 0
7 0 0
8 0 0
9 0 0
1 1
2
0 0 0
0 1 2
10 10
3
5 5 5
2 8 2
10 0 5
1 1
4
0 0 0
0 1 0
1 0 0
1 1 0
1 1
4
0 0 0
0 1 0
1 0 1
1 1 1
1 1
3
0 0 0
1 0 1
1 1 1
1 1
3
0 1 0
1 0 1
1 1 1
1000000 1000
10
20 40 50
20 10 200
30 44 0
2211 33 1000
323 00232 12120
232 12 31
1001 23 5555
0 1000 0
2030 050 02323
030 004 5506
210 0102
3
50 50 9
50 60 0
50 70 10
100 10
1
0 0 0
10 100
1
0 50 0
1233 2342
0
50 50
1
50 50 0
0 0
